010203040506070809
060203040570809010
060809010203040570
060304057008090102
060304057008090102
060304057008090102
060304057008090102
060090102300405708
060090102300405708
010070809023040506
010405080930026007
014080260007930050
010405200630007809
010200500709630840
010200500709630840
010070630050920840
010070920840630050
013204050000607809
010700203405060809
010700203405060809
010030809040506207
010030809040506207
010030809040506207
010030809040506207
010062073080904050
010004056070809203
010004056070809203
010004056070809203
010004056070809203
010004056070809203
010004056070809203
010208090304050607
010203040506070809
060203040570809010
060809010203040570
060304057008090102
060304057008090102
060304057008090102
060304057008090102
060090102300405708
060090102300405708
010070809023040506
010405080930026007
014080260007930050
010405200630007809
010200500709630840
010200500709630840
010070630050920840
010070920840630050
013204050000607809
010700203405060809
010700203405060809
010030809040506207
010030809040506207
010030809040506207
010030809040506207
010062073080904050
010004056070809203
010004056070809203
010004056070809203
010004056070809203
010004056070809203
010004056070809203
010208090304050607
010203040506070809
060203040570809010
060809010203040570
060304057008090102
060304057008090102
060304057008090102
060304057008090102
060090102300405708
060090102300405708
010070809023040506
010405080930026007
014080260007930050
010405200630007809
010200500709630840
010200500709630840
010070630050920840
010070920840630050
013204050000607809
010700203405060809
010700203405060809
010030809040506207
010030809040506207
010030809040506207
010030809040506207
010062073080904050
010004056070809203
010004056070809203
010004056070809203
010004056070809203
010004056070809203
010004056070809203
010208090304050607
010203040506070809
060203040570809010
060809010203040570
060304057008090102
060304057008090102
060304057008090102
060304057008090102
060090102300405708
060090102300405708
010070809023040506
010405080930026007
014080260007930050
010405200630007809
010200500709630840
010200500709630840
010070630050920840
010070920840630050
013204050000607809
010700203405060809
010700203405060809
010030809040506207
010030809040506207
010030809040506207
010030809040506207
010062073080904050
010004056070809203
010004056070809203
010004056070809203
010004056070809203
010004056070809203
010004056070809203
010208090304050607
010203040506070809
060203040570809010
060809010203040570
060304057008090102
060304057008090102
060304057008090102
060304057008090102
060090102300405708
060090102300405708
010070809023040506
010405080930026007
014080260007930050
010405200630007809
010200500709630840
010200500709630840
010070630050920840
010070920840630050
013204050000607809
010700203405060809
010700203405060809
010030809040506207
010030809040506207
010030809040506207
010030809040506207
010062073080904050
010004056070809203
010004056070809203
010004056070809203
010004056070809203
010004056070809203
010004056070809203
010208090304050607
010203040506070809
060203040570809010
060809010203040570
060304057008090102
060304057008090102
060304057008090102
060304057008090102
060090102300405708
060090102300405708
010070809023040506
010405080930026007
014080260007930050
010405200630007809
010200500709630840
010200500709630840
010070630050920840
010070920840630050
013204050000607809
010700203405060809
010700203405060809
010030809040506207
010030809040506207
010030809040506207
010030809040506207
010062073080904050
010004056070809203
010004056070809203
010004056070809203
010004056070809203
010004056070809203
010004056070809203
010208090304050607
060304057008090102
060304057008090102
060304057008090102
060304057008090102
060090102300405708
010030809040506207
010030809040506207
010030809040506207
010062073080904050
010004056070809203
010004056070809203
010004056070809203
010004056070809203
010004056070809203
010004056070809203
010208090304050607
060304057008090102
060304057008090102
060304057008090102
060304057008090102
060090102300405708
060090102300405708
010070809023040506
010405080930026007
014080260007930050
010405200630007809
010200500709630840
010200500709630840
010070630050920840
010070920840630050
013204050000607809
010700203405060809
010700203405060809
010030809040506207
010030809040506207
010030809040506207
010030809040506207
010062073080904050
010004056070809203
010004056070809203
010004056070809203
010004056070809203
010004056070809203
010004056070809203
010208090304050607
060090102300405708
010070809023040506
010405080930026007
014080260007930050
010405200630007809
010200500709630840
010200500709630840
010070630050920840
010070920840630050
013204050000607809
010700203405060809
010700203405060809
010030809040506207
010030809040506207
010030809040506207
010030809040506207
010062073080904050
010004056070809203
010004056070809203
010004056070809203
010004056070809203
010004056070809203
010004056070809203
010208090304050607
